239
32.9
32.7
43.7
41.3
37.5
41.0
42.1
44.3
51.4
54.5
59.4
64.9
66.3
73.7
85.3
78.1
82.7
85.2
92.5
100
86.6
104
107
109
116
116
7.81
130
130
135
120
8.13
150
152
155
6.96
7.83
173
5.91
187
5.28
121
195
9.46
200
5.44
126
213
10.1
220
12.1
105
21.6
22.6
26.3
30.3
35.0
39.6
64.4
62.3
52.8
56.0
59.6
64.4
166
73.6
112
84.7
85.7
89.6
73.6
95.5
102
106
114
70.1
106
128
127
131
69.8
88.2
144
147
151
66.5
85.9
173
7.80
174
4.83
81.6
185
4.08
222
17.1
112
203
5.67
209
7.46
65.0
221
13.0
15.1
19.5
26.7
27.4
32.1
35.9
39.4
44.8
53.1
73.4
57.0
31.2
48.4
72.7
74.6
77.2
27.0
44.6
92.7
98.6
100
24.5
43.9
114
117
119
24.1
41.8
133
138
143
21.0
44.8
157
6.65
168
5.14
39.4
178
5.59
185
4.66
194
5.85
201
4.67
10.8
8.90
216
14.5
38.9
7.41
28.6
38.9
37.0
40.1
4.98
52.6
56.2
57.5
60.2
5.21
70.3
70.8
78.1
92.8
5.00
93.0
65.0
99.6
103
9.35
13.0
120
126
128
8.43
9.47
138
146
147
5.28
7.10
160
5.87
167
5.48
9.51
180
10.8
189
5.46
5.49
203
4.94
181
9.98
13.6
46.1
20.2
25.3
7.37
7.19
40.1
41.8
48.7
9.26
6.87
58.3
62.9
68.7
7.99
77.8
38.0
183
89.5
8.09
5.27
102
107
150
132
7.38
125
131
133
7.06
8.10
147
154
153
5.97
8.74
170
6.10
160
6.38
5.24
192
8.00
159
6.11
6.39
213
6.47
112
10.4
20.1
35.0
27.5
30.4
35.0
8.67
46.5
49.8
53.3
8.77
7.63
97.7
70.8
69.1
8.03
77.6
81.5
85.7
89.1
113
98.5
105
106
111
117
120
127
129
138
137
145
145
149
126
6.37
163
4.93
169
6.57
22.6
183
4.97
193
8.14
203
5.21
5.32
